Population 	Bac	ID	Frond_Start	Pix_Start	Peri_Start	Green_Start	Green_Peri_Start	Frond_End	Pix_End	Peri_End	Green_End	Green_Peri_End	Notes	Algae level
Wellspring 	5	1	2	1124	582.515	1052	455.979	1	685	156.26	660	196.136	Covered in algal film	High
Wellspring 	4	2	2	1422	469.725	1333	758.089	2	4515	314.345	3109	337.484	Algal dots	High
Kelso	6	3	2	923	601.815	768	509.115	1	3670	423.191	735	509.507	Green tint	Low
Wellspring 	All	4	1	976	461.04	838	449.626	5	8940	530.228	7203	620.843	Algal dots	High
Kelso	8	5	2	1180	610.283	1002	541.438	2	2120	251.622	1420	523.359	Green tint	Med
Wellspring 	All	6	1	583	499.369	459	517.306	2	1300	150.438	797	189.399	Algal dots	Med
Kelso	All	7	2	808	561.131	685	527.499	1	1888	230.387	1053	322.324	Dead? Algal film	Med
Kelso	1	8	2	1097	569.29	1021	496.784	4	8492	631.148	4376	801.285	Algal film	Med
Wellspring 	4	9	2	971	550.306	805	549.311	1	3243	289.742	2666	260.46	Algal dots	Med
Wellspring 	1	10	1	650	662.061	368	521.677	1	1407	203.958	526	258.179	Algal dots	Low
Kelso	6	11	2	1166	723.502	993	641.755	2	6020	401.009	1999	474.797	Algal film (small)	Low
Kelso	2	12	1	729	427.209	678	523.935	2	2208	412.044	711	446.383	Algal film	Med
Kelso	3	13	1	855	609.43	644	624.101	3	4193	586.131	2622	527.578	Algal film	Med
Kelso	5	14	1	848	455.716	707	517.375	2	3543	405.606	1223	486.228	Algal film	Low
Kelso	All	15	2	1802	635.52	1301	616.221	3	4115	641.937	1938	543.551	Algal film	Low
Kelso	0	16	1	859	547.767	737	516.376	2	2356	444.83	877	527.409	Algal film	Med
Kelso	8	17	1	761	583.587	601	555.812	2	1999	252.859	879	388.014	Algal film	Med
Churchill	7	18	2	3473	621.4	3264	610.801	3	6945	544.519	4179	587.325	Few dots	Low
Wellspring 	5	19	1	542	573.41	450	595.039	2	952	444.48	394	415.15	Dead? Algal film	Low
Churchill	1	20	2	3560	649.299	3433	655.88	4	15400	679.205	8243	763.886	Few dots	Low
Churchill	1	21	1	1941	538.235	1844	645.749	6	18967	800.817	12837	830.985	Few dots	Low
Kelso	0	22	2	2586	697.831	2122	521.635	4	8472	607.61	2986	546.447	Algal film	Med
Wellspring 	6	23	1	1611	592.057	1460	463.919	2	6937	420.968	4967	418.546	Algal dots	High
Churchill	5	24	2	1568	554.549	1455	607.95	6	14372	757.149	10967	965.629	Few dots	Low
Wellspring 	8	25	1	1467	557.434	1276	417.318	2	1999	285.071	1898	303.725	Few dots	Low
Churchill	0	26	2	3503	731.994	3327	689.255	6	13508	852.177	11249	741.228	Few dots	None
Kelso	8	27	2	1079	607.552	948	619.288	2	1242	380.875	888	381.715	Algal film	Low
Wellspring 	8	28	1	680	591.144	549	704.227	2	4162	316.162	2898	339.636	Few dots	Low
Churchill	4	29	2	2482	606.312	2372	589.109	4	6937	627.893	6169	596.942	Few dots	None
Kelso	6	30	2	871	274.552	549	442.386	2	918	252.682	498	451.995	Few dots	None
Churchill	2	31	2	3254	738.698	2932	652.333	6	12717	822.03	11067	907.042	Few dots	None
Churchill	All	32	2	5079	893.553	4675	751.026	8	25513	888.624	24435	973.528	Few dots	None
Churchill	10	33	2	4413	523.799	4035	676.61	4	11977	677.649	11034	670.438	Few dots	None
Kelso	0	34	2	5691	787.661	4677	698.792	5	9951	928.643	7309	1082.014	Film	Low
Wellspring 	2	35	2	1105	550.417	903	688.243	3	2505	397.884	1966	360.7	Few dots	Low
Kelso	4	36	2	4022	680.437	3800	723.519	4	11327	764.26	9869	797.986	Film	Low
Kelso	1	37	2	5251	656.192	4421	751.163	5	11305	775.262	9373	762.467	Film	Low
Kelso	2	38	2	1160	661.601	503	572.26	2	3517	729.717	2051	662.894	Film	Low
Churchill	7	39	2	3045	720.22	2718	789.695	4	9686	757.179	8292	836.646	Few dots	None
Wellspring 	5	40	2	1789	653.348	1638	635.014	3	5777	466.575	5047	556.955	Few dots	Low
Kelso	9	41	2	1868	513.538	1690	663.256	3	5063	562.596	3274	677.775	Film	Low
Churchill	6	42	2	1924	666.718	1730	677.698	4	8316	665.063	7360	711.401	Few dots	None
Churchill	All	43	2	1653	530.021	1450	598.343	4	7575	677.984	6414	846.949	Few dots	None
Kelso	4	44	2	2947	701.636	2666	617.43	4	8543	874.635	7372	741.933	Film	Med
Churchill	10	45	2	3917	599.67	3740	686.388	6	14117	844.395	11992	956.104	Few dots	Low
Churchill	5	46	2	1665	718.027	1402	595.567	3	6181	689.435	5280	668.664	Few dots	Low
Kelso	All	47	2	5635	657.605	5166	817.494	2	6571	557.433	4351	519.812	Film	Med
Wellspring 	8	48	2	1909	796.239	1430	695.025	2	4103	330.403	2268	323.408	Dots	Med
Wellspring 	10	49	1	1241	569.686	1056	569.876	5	15026	680.821	11725	601.733	Dots	Med
Wellspring 	1	50	1	854	581.477	758	622.176	4	6168	380.219	5256	442.447	Dots	Med
Churchill	All	51	2	2864	516.669	2717	597.536	5	15279	714.35	14393	765.761	Few dots	None
Wellspring 	8	52	2	1346	560.602	1014	480.273	3	3138	340.331	2060	425.163	Dots	Low
Kelso	9	53	2	5068	741.924	4231	704.707	4	10055	561.075	10018	619.303	Film	Med
Churchill	4	54	1	1830	748.775	1674	541.887	4	5684	706.973	4596	736.592	Few dots	Low
Wellspring 	4	55	1	902	536.696	762	600.137	2	1074	275.796	463	256.007	Few dots	Low
Kelso	0	56	2	8564	739.765	8214	719.736	5	15405	805.45	11896	952.237	Film	Low
Wellspring 	All	57	1	955	566.2	746	614.2	3	2575	282.499	1545	218.804	Dots	Med
Churchill	9	58	2	2229	584.344	1896	635.06	4	7854	793.025	6719	697.533	Few dots	None
Kelso	8	59	2	10071	686.239	9297	646.343	3	10945	561.584	5004	565.012	Film	Low
Churchill	3	60	2	1657	593.272	1562	724.335	4	8854	594.65	8532	757.724	Few dots	None
Wellspring 	2	61	1	951	637.437	756	620.512	2	2977	299.438	2363	284.847	Dots	Low
Wellspring 	9	62	1	834	642.994	682	562.027	2	2110	338.861	1632	333.79	Dots	Low
Churchill	4	63	2	5095	707.015	4844	665.942	5	15700	938.342	14369	985.537	Few dots	None
Kelso	7	64	2	1240	464.35	1094	596.258	3	5129	500.466	4248	508.713	Film	Low
Churchill	9	65	2	3348	642.067	3175	600.387	6	17493	844.417	16635	876.691	Few dots	None
Wellspring 	1	66	1	1069	624.819	884	572.018	4	6765	589.445	3970	539.576	Film	Med
Churchill	2	67	2	1726	627.575	1536	679.676	4	6565	688.106	5834	680.094	Few dots	None
Kelso	All	68	2	7512	817.821	7053	663.355	2	10370	518.178	6769	622.762	Film	Med
Churchill	4	69	2	2708	659.965	2351	540.183	6	17989	787.615	16698	835.755	Few dots	None
Kelso	0	70	2	7685	657.558	7244	637.958	4	20084	727.687	16791	758.963	Film	Med
Kelso	3	71	2	2701	620.07	2431	548.47	3	5688	610.122	4637	703.396	Film	Low
Wellspring 	2	72	2	1496	461.757	1342	649.371	2	2648	248.025	2329	253.762	Dots	Med
Churchill	7	73	2	2686	723.254	2509	657.822	6	15924	776.059	12644	815.156	Few dots	None
Wellspring 	6	74	2	1033	615.756	923	609.097	3	3564	384.453	2784	409.67	Dots	Low
Churchill	10	75	3	2963	709.948	2614	608.735	6	16222	825.925	14477	861.446	Nothing	None
Kelso	1	76	4	6238	718.276	5929	733.204	14	64107	1350.182	57921	1350.971	Nothing	None
Wellspring 	7	77	2	1760	619.495	1582	822.312	1	2009	441.31	751	408.716	Film	Med
Churchill	8	78	2	1982	544.503	1774	687.027	4	7897	586.275	7460	544.667	Few dots	None
Kelso	1	79	2	1335	390.97	1171	632.057	5	11840	794.496	9858	761.652	Few dots	None
Wellspring 	8	80	2	1161	618.48	992	520.759	3	3348	302.176	2778	388.554	Dots	Low
Kelso	6	81	2	6162	788.644	5918	774.332	2	7023	532.318	4206	483.641	Nothing	None
Churchill	5	82	1	755	473.234	647	560.705	3	6066	610.532	5347	652.906	Few dots	None
Kelso	7	83	2	5256	698.987	4728	838.087	5	10021	854.359	5728	866.343	Nothing	None
Churchill	7	84	2	4043	568.38	3820	725.376	5	15330	711.566	14300	754.174	Few dots	None
Wellspring 	3	85	1	894	676.584	719	638.091	3	4253	401.193	3862	417.983	Dots	Low
Kelso	All	86	4	8103	920.182	6960	899.053	4	14028	845.356	11864	959.237	Nothing	None
Wellspring 	All	87	1	718	597.812	436	624.538	0					Dots	Low
Wellspring 	6	88	2	1171	569.393	1047	640.415	1	2597	267.014	1862	267.014	Dots	Med
Churchill	All	89	2	2170	712.477	2058	616.902	5	8807	688.616	8162	688.616	Few dots	None
Churchill	3	90	2	4321	958.599	3964	697.25	7	14401	857.527	11423	857.527	Few dots	None
Wellspring 	3	91	2	2199	747.666	1997	722.407	3	6372	551.703	6140	394.192	Dots	Low
Wellspring 	1	92	2	2050	504.109	1857	599.377	2	7673	455.814	7645	482.91	Dots	Low
Churchill	9	93	2	1760	522.858	1692	604.209	6	10666	653.993	10101	639.039	Few dots	None
Kelso	8	94	2	2835	621.707	2307	620.25	2	3186	394.156	2011	399.404	Nothing	None
Kelso	9	95	2	5024	670.1	4609	673.396	10	29087	1241.57	25958	1248.306	Nothing	None
Kelso	9	96	2	4949	774.935	4721	670.918	8	28760	1102.883	26304	1102.883	Nothing	None
Wellspring 	2	97	2	1423	485.757	1080	563.81	3	3945	358.91	2220	358.91	Dots	Med
Churchill	10	98	2	1244	516.254	1161	545.626	4	8587	743.438	7759	695.781	Nothing	None
Churchill	0	99	2	1494	472.518	1387	518.062	4	12499	711.372	11766	700.54	Few dots	None
Kelso	All	100	2	3617	574.225	3455	590.531	2	4120	515.978	3514	529.873	Nothing	None
Kelso	2	101	2	5238	563.857	5084	600.955	11	50672	1291.082	45737	1311.84	Nothing	None
Wellspring 	2	102	2	1479	371.643	1260	460.914	2	3435	235.673	2395	235.673	Dots	Med
Wellspring 	All	103	2	1324	490.617	1178	677.837	3	4581	367.606	4359	528.433	Dots	Low
Wellspring 	0	104	2	1901	611.236	1812	573.846	2	5489	428.722	4608	408.532	Film	Med
Churchill	3	105	2	1364	516.186	1182	523.106	6	14600	718.374	14160	667.802	Few dots	None
Churchill	6	106	2	2342	604.348	1850	605.249	6	17656	796.56	16230	752.265	Few dots	None
Wellspring 	9	107	2	1326	459.838	1142	635.889	3	3996	468.046	2565	433.591	Film	Med
Kelso	3	108	2	1527	510.179	1364	706.34	4	6466	426.063	5677	519.612	Nothing	None
Churchill	All	109	2	2170	704.986	2047	683.62	5	12621	785.966	11428	897.686	Few dots	None
Churchill	1	110	2	2105	663.852	1728	524.762	5	6825	614.477	5485	666.557	Few dots	None
Kelso	4	111	2	1837	446.096	1630	648.162	6	15499	879.333	11383	840.706	Nothing	None
Wellspring 	1	112	2	1861	567.236	1655	578.025	4	6068	557.52	2204	537.772	Film	Med
Churchill	2	113	2	1857	531.549	1776	642.607	8	17670	716.137	16732	779.837	Few dots	None
Churchill	2	114	2	1173	439.225	1097	576.33	4	6558	656.342	5275	717.574	Few dots	None
Wellspring 	7	115	2	1708	584.654	1405	587.937	4	8945	565.794	6163	433.085	Dots	Low
Churchill	9	116	2	1875	592.046	1710	519.542	5	8105	680.249	7537	774.424	Few dots	None
Kelso	6	117	2	2519	542.766	2381	502.553	0					Empty	None
Kelso	0	118	2	2623	532.323	2441	526.93	9	37054	1063.67	21135	1220.326	Nothing	None
Wellspring 	10	119	2	1725	576.251	1604	521.465	4	7874	449.342	7245	403.141	Dots	Med
Kelso	10	120	3	2839	751.644	2607	557.112	7	23028	1183.523	33402	1097.121	Nothing	None
Churchill	3	121	2	1470	592.212	1262	419.028	5	18276	761.293	16570	778.936	Few dots	None
Churchill	1	122	2	865	406.933	784	583.919	3	3605	390.302	2847	440.48	Few dots	None
Wellspring 	1	123	1	912	404.799	741	562.332	2	3363	284.836	3605	379.607	Dots	Med
Wellspring 	All	124	2	1593	492.628	1145	626.888	4	5587	741.64	4662	750.496	Nothing	None
Wellspring 	0	125	2	2018	548.858	1824	441.642	4	9137	546.347	8585	578.208	Dots	Med
Churchill	9	126	2	1349	508.218	1026	546.245	3	8205	718.852	6440	602.395	Nothing	None
Kelso	7	127	2	1415	460.851	1282	515.946	4	5026	680.355	4085	551.229	Nothing	None
Churchill	3	128	2	1526	483.252	1091	550.046	5	11175	691.005	9749	610.015	Few dots	None
Kelso	2	129	1	912	479.155	663	409.517	2	4847	532.289	2922	612.505	Film	Med
Wellspring 	8	130	1	921	489.244	771	641.938	2	2264	334.344	1749	386.453	Dots	Low
Churchill	10	131	2	2182	497.074	2039	552.628	5	11430	645.403	10314	682.43	Few dots	None
Wellspring 	5	132	1	1096	542.617	945	461.393	0					Empty	Low
Churchill	5	133	1	983	498.613	840	563.826	5	7157	685.519	6197	692.181	Nothing	None
Churchill	8	134	1	1015	566.39	694	514.61	3	4230	515.712	3278	461.383	Few dots	None
Churchill	5	135	2	1111	643.026	959	575.685	2	4280	450.585	2814	445.108	Few dots	None
Churchill	All	136	2	1249	546.648	1044	550.975	5	7645	833.237	5983	830.396	Few dots	None
Churchill	7	137	1	911	451.796	650	549.629	2	2492	408.221	1940	379.888	Few dots	None
Kelso	7	138	2	737	577.553	579	638.289	2	3259	296.758	1630	638.861	Film	Low
Kelso	2	139	2	1030	485.991	827	628.442	4	5585	603.058	3987	746.894	Film	Low
Kelso	5	140	1	656	462.084	543	557.669	4	6910	696.384	5868	720.869	Film	Low
Wellspring 	9	141	2	1394	507.28	1317	610.875	3	7270	412.437	4509	336.775	film	Med
Wellspring 	2	142	1	1193	516.12	1030	572.744	3	7909	392.286	8525	500.015	Dots	Med
Kelso	8	143	1	980	585.387	794	496.378	2	3268	302.529	3638	440.137	Film	Low
Wellspring 	5	144	2	1106	458.035	899	537.75	3	6110	433.414	4842	422.575	Heavy dots	Med
Churchill	0	145	2	1214	553.491	1018	480.518	4	5945	484.562	5289	451.611	Few dots	None
Wellspring 	7	146	2	5721	678.091	5562	666.513	4	12289	637.502	10420	680.452	Dots	Med
Wellspring 	0	147	2	2441	664.127	2322	572.822	3	5728	472.289	5266	579.065	Dots	Low
Wellspring 	9	148	2	2948	728.793	2821	600.914	3	6024	421.276	4842	502.409	Dots	Low
Kelso	7	149	2	769	488.486	667	570.115	2	1509	378.52	721	652.605	Nothing	None
Wellspring 	8	150	2	1482	528.283	1335	573.64	2	2953	309.816	2581	348.783	Few dots	Low
Churchill	1	151	2	876	570.119	732	509.969	3	6368	666.788	5835	574.782	Few dots	None
Kelso	7	152	2	641	568.915	517	530.849	2	554	574.75	181	528.769	Nothing	None
Wellspring 	6	153	2	3975	664.646	3670	735.04	3	4728	358.635	3602	457.014	Dots	Low
Wellspring 	2	154	2	1740	601.679	1495	558.514	2	2605	278.493	1883	332.22	Dots	Low
Kelso	6	155	1	741	598.451	586	570.19	2	1292	503.542	736	557.427	Nothing	None
Kelso	9	156	2	873	302.536	773	381.993	2	953	263.528	637	286	Nothing	None
Wellspring 	7	157	2	6839	745.343	6634	739.288	5	13730	602.115	12160	611.406	Dots	Low
Churchill	1	158	2	1197	543.901	931	554.683	3	7696	612.888	6606	758.52	Few dots	None
Kelso	10	159	2	534	580.145	387	601.812	2	3717	402.599	5070	356.117	Nothing	None
Wellspring 	9	160	2	5956	729.703	5467	610.846	4	12166	679.469	10475	700.851	Dots	Low
Churchill	9	161	1	1147	620.084	986	652.332	6	11048	717.366	8321	689.629	Few dots	None
Churchill	3	162	1	872	530.593	679	695.734	4	8051	698.526	6516	657.218	Few dots	None
Wellspring 	9	163	2	1473	684.486	1187	614.265	2	3068	272.675	3502	438.568	Dots	Low
Churchill	6	164	1	1046	476.06	940	648.276	6	11204	759.149	9777	681.204	Few dots	None
Churchill	3	165	2	1116	504.574	990	561.316	5	8321	686.122	7435	759.393	Few dots	None
Wellspring 	3	166	2	3593	685.812	3297	723.688	2	5311	328.07	3397	390.399	Dots	Med
Wellspring 	1	167	2	1046	558.356	948	621.588	2	3760	297.513	2482	337.132	Dots	Med
Kelso	7	168	2	710	582.593	566	527.603	2	1979	693.218	1391	766.169	Nothing	None
Kelso	9	169	1	895	461.646	763	583.145	3	2814	573.518	2209	632.913	Nothing	None
Wellspring 	4	170	2	2178	628.152	2037	621.333	2	7235	425.163	6079	390.273	Dots	Low
Kelso	5	171	1	678	547.241	565	610.761	4	10105	795.123	6681	844.003	Nothing	None
Kelso	7	172	2	992	496.023	825	726.816	2	3018	524.115	456	483.671	Nothing	None
Wellspring 	7	173	1	1056	529.3	944	613.347	3	4589	321.567	3478	311.747	Dots	Med
Wellspring 	All	174	2	1575	566.694	1097	832.117	3	4952	439.47	3935	385.318	Dots	Low
Churchill	8	175	2	1032	631.295	873	622.151	7	13593	612.808	9686	635.689	Few dots	None
Kelso	9	176	2	1582	541.807	1358	657.53	3	2474	385.301	1734	401.765	Nothing	None
Kelso	0	177	2	1088	566.698	902	634.784	4	6914	694.019	5912	678.475	Nothing	None
Wellspring 	2	178	1	684	522.421	472	652.69	2	3883	307.207	2715	290.164	Dots	Med
Wellspring 	6	179	2	2653	647.168	2355	682.914	2	4100	324.611	3161	253.467	Dots	Med
Kelso	5	180	2	1511	601.537	1403	628.77	6	19600	1105.45	15260	1100.266	Nothing	None
Kelso	8	181	2	2690	606.661	2362	684.591	3	6649	747.042	5465	743.932	Nothing	None
Churchill	All	182	2	526	612.301	337	564.893	3	6995	561.182	5959	585.252	Few dots	None
Churchill	10	183	1	737	621.873	554	715.9	5	11439	612.486	7876	536.474	Few dots	None
Kelso	1	184	2	1849	644.636	1670	771.704	10	30358	993.352	28626	1013.717	Nothing	None
Kelso	7	185	2	1384	571.155	1181	569.53	4	4308	592.064	2060	669.612	Nothing	None
Churchill	0	186	1	817	668.625	652	575.895	2	3341	299.758	2920	364.78	Few dots	None
Churchill	7	187	2	1180	646.812	843	692.144	7	11071	650.324	9669	677.389	Few dots	None
Churchill	2	188	1	498	596.989	293	547.66	4	6146	510.872	5836	611.17	Few dots	None
Churchill	1	189	2	1457	797.969	1236	525.691	5	11701	754.764	7943	796.478	Few dots	None
Kelso	5	190	2	2445	628.708	2155	617.518	5	13928	1192.966	12288	1194.773	Nothing	None
Wellspring 	4	191	2	2173	711.666	1938	655.175	2	5643	336.639	4382	317.589	Dots	Med
Wellspring 	9	192	2	4479	684.227	4309	711.609	4	13103	497.689	12346	592.049	Dots	Med
Kelso	4	193	2	2211	628.096	2077	583.686	8	36006	1069.952	33136	1100.614	Nothing	None
Churchill	5	194	2	3124	646.937	2964	689.263	5	14720	673.696	13936	718.685	Few dots	None
Churchill	4	195	2	2247	693.388	2126	677.45	5	6900	609.005	6506	630.709	Few dots	None
Kelso	4	196	2	5015	812.562	4828	732.386	11	42450	1045.299	38431	1106.595	Nothing	None
Wellspring 	5	197	1	1096	536.192	964	584.415	2	3018	336.898	2704	329.154	Dots	Low
Churchill	10	198	2	3590	564.157	3319	589.235	4	10687	667.286	9136	715.659	Few dots	None
Wellspring 	5	199	2	2893	563.876	2581	663.399	4	8840	502.519	6764	414.837	Dots	Low
Wellspring 	3	200	2	1181	469.299	1047	478.064	4	4309	478.841	1272	475.306	Film	Med
Churchill	9	201	2	3062	672.279	2836	802.467	6	13224	729.963	12189	732.558	Few dots	Low
Kelso	4	202	2	2704	689.243	1311	646.02	5	18335	807.358	16474	914.435	Nothing	None
Kelso	6	203	2	1449	745.976	813	753.595	2	1776	493.77	573	485.305	Nothing	None
Wellspring 	3	204	2	1328	712.7	1214	686.65	2	3474	306.994	3001	355.507	Dots	Low
Kelso	10	205	2	2985	632.009	2022	726.502	7	20832	1064.181	18484	1030.05	Nothing	None
Wellspring 	8	206	2	1370	614.125	888	674.234	2	4511	371.055	3422	326.438	Dots	Med
Kelso	8	207	3	6326	821.262	4288	864.812	6	11154	976.78	6702	996.042	Nothing	None
Wellspring 	7	208	2	2480	620.804	2029	669.444	4	5394	403.472	4470	383.442	Dots	Med
Kelso	4	209	2	4581	689.304	4319	761.032	11	50557	1221.386	47420	1252.97	Nothing	None
Wellspring 	7	210	2	1520	599.768	1264	588.11	3	5741	373.852	5323	395.566	Dots	Med
Wellspring 	10	211	2	975	567.864	644	753.717	3	1919	247.471	1593	295.549	Dots	Med
Kelso	2	212	3	5438	660.886	4892	796.432	15	40299	1320.294	36929	1369.612	Nothing	None
Churchill	2	213	2	4078	702.47	3935	824.871	10	27751	949.056	26136	988.068	Few dots	None
Wellspring 	3	214	2	2365	724.015	1975	724.275	3	5078	437.412	4242	443.087	Dots	Med
Churchill	6	215	2	5160	680.403	4934	653.707	6	17410	886.361	15853	914.632	Few dots	None
Kelso	10	216	2	8908	670.773	8557	692.676	15	74218	1521.196	69838	1508.928	Nothing	None
Churchill	3	217	2	4011	639.693	3862	632.246	6	19850	1076.991	16930	1076.991	Few dots	Low
Kelso	3	218	2	8065	699.394	7419	769.416	10	42824	1104.203	39509	1188.879	Few dots	None
Wellspring 	7	219	2	3277	608.119	3061	499.233	4	8116	452.586	6147	560.934	Dots	Low
Wellspring 	3	220	3	5323	653.975	4721	794.626	2	6268	493.096	4906	530.651	Film	Med
Wellspring 	1	221	2	1924	675.031	1663	655.918	3	9936	475.824	6952	440.761	Dots	Med
Churchill	10	222	2	3316	690.446	2936	502.896	4	9437	761.244	8690	612.433	Few dots	None
Churchill	4	223	2	3294	651.935	3078	888.938	4	7360	705.79	6388	745.761	Few dots	None
Kelso	8	224	2	6995	736.373	6520	851.446	2	7025	518.136	4865	512.36	Few dots	None
Wellspring 	9	225	2	1463	692.491	1153	709.879	2	4998	553.78	2800	509.335	Film	Med
Churchill	All	226	2	3586	823.875	3099	879.057	6	8092	959.988	6906	1050.314	Few dots	None
Kelso	2	227	3	7785	909.124	6799	983.966	6	21124	924.88	19000	909.281	Few dots	None
Churchill	5	228	2	3068	851.375	2930	923.051	5	6959	588.407	6464	663.338	Few dots	None
Kelso	4	229	2	5648	793.932	4107	795.301	10	35184	1102.647	31825	1038.836	Few dots	None
Churchill	7	230	2	4425	734.55	3910	780.362	2	5713	541.744	4979	552.446	Few dots	None
Wellspring 	10	231	2	2508	750.928	1756	728.406	4	5587	578.211	3116	609.876	Film	Low
Wellspring 	4	232	2	1953	812.208	1742	785.008	4	4121	318.193	2620	395.869	Dots	Low
Kelso	10	233	2	3749	546.212	3395	589.425	8	25945	1038.073	23663	1051.575	Few dots	None
Kelso	3	234	2	1003	533.121	731	745.104	3	6294	540.123	5617	608.92	Few dots	None
Kelso	1	235	3	8602	807.848	6270	1023.337	10	32610	1103.007	30408	1114.176	Few dots	None
Churchill	5	236	2	2636	741.413	2446	777.963	4	8148	614.594	7618	644.342	Few dots	None
Kelso	5	237	4	12458	975.474	11518	951.663	18	60474	1221.099	57427	1226.388	Few dots	None
Kelso	0	238	3	9094	818.259	8350	775.063	8	34235	1112.926	31799	1110.27	Few dots	None
Wellspring 	8	239	2	2504	636.037	2190	669.789	1	2527	376.328	1860	417.342	Film	Low
Wellspring 	0	240	2	1509	575.142	1347	683.544	0					Dots	Low
Churchill	1	241	2	3512	454.43	3332	566.893	6	12110	729.382	11135	675.091	Few dots	Low
Churchill	6	242	2	2601	588.138	2427	631.65	2	4864	357.895	1555	467.801	Few dots	Low
Wellspring 	All	243	2	6335	625.481	6119	714.699	4	12529	561.755	11527	595.184	Dots	Med
Churchill	9	244	2	5134	668.437	4978	587.12	0					Few dots	Low
Wellspring 	3	245	2	2157	534.836	2065	603.982	3	5642	410.8	4484	383.701	Dots	Med
Churchill	0	246	2	3223	611.492	2984	530.684	4	8059	703.745	7101	779.948	Few dots	None
Kelso	6	247	2	6890	739.832	6491	668.72	4	3520	573.688	2114	538.339	Few dots	None
Wellspring 	3	248	2	1864	548.395	1731	537.127	3	4075	318.812	3842	402.671	Dots	Low
Churchill	0	249	2	2029	535.269	1871	583.204	4	6981	573.893	6220	565.616	Few dots	Low
Churchill	6	250	2	4425	647.093	4155	783.02	4	9888	740.584	8878	712.576	Few dots	None
Wellspring 	4	251	2	5560	825.754	5224	747.188	4	9842	497.406	7446	533.687	Dots	Low
Wellspring 	8	252	2	1366	569.603	1280	644.654	2	3040	297.58	3019	312.193	Dots	Low
Wellspring 	1	253	2	1395	581.566	1308	649.366	2	4129	294.525	3156	313.349	Dots	Med
Wellspring 	10	254	2	4497	678.762	4232	733.012	3	9656	499.313	9129	568.025	Few dots	Low
Wellspring 	10	255	2	1610	613.999	1422	662.749	2	4452	359.303	3520	369.852	Dots	Med
Churchill	0	256	2	3491	572.925	3305	623.835	6	10833	645.401	9947	658.083	Few dots	Low
Churchill	8	257	2	1323	419.568	1232	522.014	4	6752	540.427	5603	609.271	Nothing	None
Kelso	All	258	4	14521	826.864	13077	894.728	12	46140	1327.428	42179	1248.387	Few dots	None
Churchill	1	259	2	3494	569.497	3153	543.681	4	8794	738.583	7598	847.634	Few dots	None
Kelso	0	260	2	2013	722.88	1847	634.742	7	19791	922.397	18953	979.62	Nothing	None
Wellspring 	3	261	2	2535	531.38	2262	544.448	2	5489	493.59	2972	537.738	Film	Med
Kelso	7	262	2	7933	638.708	7414	711.821	13	56958	1296.537	52505	1321.401	Nothing	None
Churchill	9	263	2	6686	677.03	6475	701.819	8	20595	849.185	18450	913.044	Few dots	None
Wellspring 	7	264	2	4244	654.402	4118	690.32	4	12288	556.134	8206	506.645	Dots	Med
Wellspring 	9	265	2	3998	560.519	3881	596.527	4	11840	559.817	10970	551.469	Dots	Med
Kelso	5	266	2	6503	587.976	6112	681.429	6	20601	849.772	19632	945.625	Nothing	None
Churchill	2	267	2	2624	466.418	2490	666.556	4	6682	650.161	6070	714.872	Few dots	Low
Wellspring 	4	268	2	3656	616.064	3542	663.877	4	9349	483.412	8501	534.826	Dots	Med
Churchill	0	269	2	4022	674.035	3849	633.938	5	13703	698.633	12882	747.024	Few dots	None
Wellspring 	5	270	2	3351	562.101	2991	553.871	3	7467	461.138	6189	493.917	Dots	Low
Kelso	1	271	3	6982	759.299	6117	689.607	10	23264	1045.537	20865	1074.063	Nothing	None
Churchill	9	272	2	4874	672.119	4728	665.427	3	8844	940.899	8116	961.952	Nothing	None
Wellspring 	10	273	2	3313	627.44	2580	712.159	3	9757	569.606	7318	487.994	Dots	Low
Kelso	10	274	2	3048	625.173	2704	657.225	5	13010	1012.551	11573	802.493	Few dots	None
Churchill	0	275	2	6292	703.568	6060	652.342	4	12383	665.881	11343	782.068	Few dots	None
Kelso	3	276	2	10322	840.997	9005	791.38	7	28895	1059.78	26660	1120.162	Nothing	None
Churchill	8	277	2	6341	631.596	6067	636.021	4	14614	634.504	13600	702.842	Few dots	None
Wellspring 	6	278	1	1408	514.225	1050	761.093	0					Dots	Low
Churchill	3	279	2	4903	634.57	4622	695.469	5	10316	755.011	9105	663.733	Few dots	None
Churchill	4	280	2	1858	652.707	1737	554.902	3	5128	712.949	4474	858.71	Few dots	None
Churchill	2	281	2	2878	556.13	2712	550.565	4	6135	956.058	5349	941.243	Few dots	None
Kelso	3	282	2	1953	528.204	1554	660.426	5	8129	735.295	7371	814.438	Few dots	None
Wellspring 	0	283	2	3853	655.25	3538	622.258	2	6487	389.591	5064	385.613	Dots	Low
Kelso	9	284	2	1558	679.393	1369	647.732	4	6571	679.754	6161	779.75	Nothing	None
Churchill	8	285	2	5506	623.229	5379	505.45	7	17382	706.726	16926	1011.527	Few dots	None
Kelso	1	286	3	7175	718.841	6600	711.469	9	31010	920.976	29180	987.508	Few dots	None
Churchill	10	287	2	3684	561.178	3541	625.492	4	8933	904.389	7894	950.017	Few dots	None
Churchill	8	288	3	3303	784.352	2955	782.092	5	4297	880.302	3647	854.708	Few dots	None
Wellspring 	6	289	3	3886	681.977	3632	595.841	4	7911	416.918	7408	454.148	Dots	Med
Kelso	All	290	1	606	425.971	459	473.451	5	3515	639.686	2165	601.858	Nothing	None
Wellspring 	9	291	2	2958	656.456	2636	676	4	5853	571.185	2674	560.142	Film	Med
Wellspring 	2	292	2	6444	586.467	6244	692.437	5	14560	672.85	9988	594.137	Dots	Med
Churchill	6	293	2	6710	611.772	6563	677.608	5	13344	955.968	11355	944.888	Few dots	None
Wellspring 	6	294	2	1988	608.059	1649	540.124	3	4231	529.574	2535	618.889	Film	Low
Wellspring 	0	295	2	1671	579.039	1424	623.902	2	3398	493.823	2157	481.61	Film	Low
Churchill	All	296	2	5623	682.927	5440	727.962	7	19210	1321.312	15420	1303.487	Nothing	None
Wellspring 	10	297	2	3691	611.424	3572	561.765	3	9352	618.403	5504	649.474	Film	Med
Wellspring 	5	298	2	2969	597.845	2713	574.834	2	2259	295.494	851	390.347	Dots	Low
Wellspring 	All	299	2	1685	557.221	1472	695.697	2	4617	540.428	1979	704.383	Film	Low
Kelso	All	300	1	829	557.631	682	608.471	3	7109	666.944	5588	692.745	Few dots	None
Churchill	6	301	2	3204	592.587	3032	701.953	5	6021	622.417	5343	680.075	Few dots	None
Wellspring 	0	302	2	2056	776.671	1814	650.162	3	7929	608.466	3091	428.099	Dots	Med
Wellspring 	5	303	2	1940	478.98	1635	616.076	2	2694	289.761	2005	327.761	Dots	Low
Kelso	All	304	2	1651	710.161	1433	732.809	3	7785	699.824	6607	778.682	Nothing	None
Wellspring 	10	305	2	3444	592.711	2738	730.267	2	9169	435.83	7688	466.677	Dots	Med
Wellspring 	0	306	2	2029	658.996	1734	700.758	2	3991	572.838	2454	605.649	Film	Low
Kelso	1	307	2	839	764.066	650	684.518	3	5760	710.651	3978	715.117	Nothing	None
Kelso	2	308	1	971	534.481	767	717.974	4	11467	751.604	9426	719.448	Nothing	None
Kelso	4	309	1	1317	537.068	1012	601.079	1	6435	539.759	4579	546.316	Few dots	None
Wellspring 	0	310	2	4309	618.259	4150	668.967	3	10313	666.937	6080	634.477	Film	Med
Churchill	2	311	2	4298	647.286	4098	731.922	3	7382	988.151	6361	967.709	Few dots	None
Churchill	8	312	2	1417	590.464	1279	643.742	2	4030	469.329	3295	579.8	Few dots	None
Churchill	1	313	2	5115	617.762	4983	641.045	10	25277	779.657	23996	848.807	Few dots	None
Churchill	4	314	2	4700	657.485	4460	641.734	8	22388	860.262	20883	850.2	Few dots	None
Churchill	4	315	2	5326	642.232	5192	735.062	5	15181	773.855	14420	844.544	Few dots	None
Kelso	8	316	2	1302	496.829	1147	623.002	3	2214	394.311	1454	393.021	Few dots	None
Wellspring 	All	317	2	1191	473.813	1087	604.092	2	4043	262.608	3003	262.608	Dots	Med
Churchill	7	318	2	3158	568.706	2933	660.779	4	7521	710.795	6493	736.983	Few dots	None
Wellspring 	4	319	2	2024	765.599	1702	657.771	3	6940	639.023	4136	531.99	Film	Low
Kelso	6	320	1	1184	591.197	975	538.663	2	8135	603.98	4263	601.348	Few dots	None
Kelso	10	321	2	1613	547.125	1329	728.501	5	12349	706.836	11097	703.761	Few dots	None
Churchill	4	322	2	8243	818.692	7570	930.92	8	19298	955.594	16916	1046.294	Few dots	None
Churchill	7	323	1	1095	617.176	965	623.721	3	2603	547.069	2291	811.757	Few dots	None
Kelso	5	324	2	1397	659.54	1176	562.39	3	6635	652.333	6192	638.072	Few dots	None
Kelso	10	325	2	1194	726.446	990	747.59	4	12629	787.704	9509	821.736	Few dots	None
Wellspring 	0	326	2	4328	771.684	3973	790.087	3	9870	545.72	7449	541.377	Dots	Low
Churchill	3	327	1	862	536.954	784	618.576	2	2487	647.541	2136	539.737	Few dots	None
Kelso	2	328	3	8274	733.235	7648	846.89	9	30665	1016.708	28977	1110.323	Few dots	None
Kelso	9	329	2	4527	668.641	4071	712.722	6	26527	1389.486	23244	1552.492	Few dots	None
Wellspring 	10	330	2	2056	668.384	1886	665.06	3	6552	488.001	4153	594.453	Film	Med
Kelso	3	331	3	9153	873.112	8033	824.998	8	31350	1085.149	26917	1094.641	Few dots	None
Kelso	5	332	2	5760	686.523	5044	680.292	8	25806	1022.933	23148	1047.529	Few dots	None
Wellspring 	6	333	3	7854	780.279	7361	843.984	7	20497	709.774	15593	713.308	Dots	Med
Churchill	2	334	2	7099	844.489	6708	689.106	7	22132	987.262	19851	1090.524	Few dots	None
Churchill	6	335	3	4533	715.704	4251	641.052	6	13873	872.014	11491	879.907	Few dots	None
Kelso	6	336	2	3985	738.775	3735	658.923	8	23113	864.731	21879	926.466	Few dots	None
Wellspring 	4	337	2	2218	552.754	2066	521.264	3	6164	393.135	4695	440.036	Dots	Med
Wellspring 	7	338	2	915	559.413	806	625.093	3	1815	231.449	1535	211.286	Dots	Med
Kelso	3	339	2	1771	571.424	1607	556.086	4	11224	784.069	6545	846.878	Few dots	None
Churchill	8	340	2	5530	686.412	5364	775.768	7	21255	799.748	20528	793.143	Few dots	Low
Churchill	All	341	2	7377	649.041	7118	812.825	4	11746	606.364	10971	740.481	Few dots	None
Kelso	10	342	2	1550	568.192	1021	711.716	6	9537	748.49	8396	771.421	Few dots	None
Wellspring 	6	343	2	953	618.342	769	562.287	4	6763	612.719	3598	567.515	Film	Med
Churchill	10	344	2	2327	694.899	2104	537.609	4	6718	699.248	5669	647.405	Few dots	Low
Churchill	0	345	2	5293	673.309	5034	697.812	6	16362	776.599	15361	844.851	Few dots	None
Wellspring 	2	346	2	836	555.682	629	530.512	2	2219	522.345	1466	540.423	Film	Low
Kelso	1	347	3	3811	757.27	2848	711.499	6	19760	1123.994	17826	1151.226	Few dots	None
Churchill	5	348	2	4075	619.694	3819	601.962	5	15412	741.982	14590	787.399	Few dots	None
Kelso	10	349	2	13311	721.227	12322	795.333	16	74554	1358.288	70578	1321.885	Few dots	None
Churchill	6	350	2	2077	643.397	1760	661.261	4	5742	764.984	5000	859.236	Few dots	None
Kelso	5	351	3	10831	738.849	8522	798.847	10	46545	1196.236	44426	1199.485	Nothing	None
Kelso	9	352	3	9511	666.809	8187	831.517	12	51168	1236.911	48589	1199.793	Few dots	None
Kelso	4	353	2	2163	698.582	1527	728.82	7	19572	791.387	18662	745.085	Few dots	None
Kelso	0	354	2	1392	619.835	673	757.366	4	8159	644.86	7342	679.312	Few dots	None
Churchill	8	355	1	850	689.387	759	732.016	3	2747	433.591	2345	503.404	Few dots	None
Kelso	2	356	2	4365	684.024	3698	651.693	8	29441	904.805	28141	939.162	Few dots	None
Churchill	7	357	2	1848	666.441	1696	633.907	4	8988	652.883	6428	719.945	Few dots	Low
Churchill	5	358	2	2596	581.568	2416	489.513	4	7366	750.237	6541	801.574	Few dots	Low
Kelso	3	359	2	6226	814.478	4470	793.537	9	24322	1031.759	20360	1079.76	Few dots	None
Wellspring 	1	360	2	2722	821.27	2454	724.732	5	11841	586.406	10539	635.123	Dots	Low
Wellspring 	Bac_only_All	361												
Kelso	Bac_only_All	362												
Wellspring 	Bac_only_All	363												
Kelso	Bac_only_All	364												
Wellspring 	Bac_only_All	365												
Kelso	Bac_only_All	366												
Wellspring 	Bac_only_All	367												
Wellspring 	Bac_only_All	368												
Wellspring 	Bac_only_All	369												
Kelso	Bac_only_All	370												
Wellspring 	Bac_only_All	371												
Churchill	Bac_only_All	372												
Churchill	Bac_only_All	373												
Churchill	Bac_only_All	374												
Kelso	Bac_only_All	375												
Churchill	Bac_only_All	376												
Kelso	Bac_only_All	377												
Churchill	Bac_only_All	378												
Kelso	Bac_only_All	379												
Churchill	Bac_only_All	380												
Churchill	Bac_only_All	381												
Kelso	Bac_only_All	382												
Wellspring 	Bac_only_All	383												
Churchill	Bac_only_All	384												
Churchill	Bac_only_All	385												
Kelso	Bac_only_All	386												
Kelso	Bac_only_All	387												
Wellspring 	Bac_only_All	388												
Wellspring 	Bac_only_All	389												
Churchill	Bac_only_All	390												
